[gd_scene load_steps=85 format=3 uid="uid://66hmaqhutu1b"]

[ext_resource type="PackedScene" uid="uid://tkllvr4o5did" path="res://scenes/elon/player.tscn" id="1_sq6bu"]
[ext_resource type="Script" uid="uid://who7e6qtg486" path="res://scripts/terrain_3d.gd" id="2_fq663"]
[ext_resource type="Texture2D" uid="uid://bcnoh8rim36oo" path="res://assets/terrain_textures/rock/albedo.png" id="3_kycfx"]
[ext_resource type="Texture2D" uid="uid://xu77rvu3c34u" path="res://assets/terrain_textures/rock/normal.png" id="4_6iak1"]
[ext_resource type="PackedScene" uid="uid://dfe63fkfbjl5m" path="res://scenes/halloween_kit/path_d.tscn" id="5_blm8a"]
[ext_resource type="Texture2D" uid="uid://cishbrj38kdq5" path="res://assets/terrain_textures/gravel/albedo.png" id="5_sp2wr"]
[ext_resource type="PackedScene" uid="uid://d2b2u6ovpkg7w" path="res://scenes/halloween_kit/path_c.tscn" id="6_mlgqr"]
[ext_resource type="Texture2D" uid="uid://ctqyrab16u1tb" path="res://assets/terrain_textures/gravel/normal.png" id="6_o4st3"]
[ext_resource type="Texture2D" uid="uid://bxs8i142ktpoo" path="res://assets/terrain_textures/twig_grass/albedo.png" id="7_f4upa"]
[ext_resource type="PackedScene" uid="uid://gp20bq1ixoii" path="res://scenes/furniture/chair.tscn" id="7_wslke"]
[ext_resource type="Texture2D" uid="uid://cxigmkg4ewjxw" path="res://assets/terrain_textures/twig_grass/normal.png" id="8_fvbyp"]
[ext_resource type="PackedScene" uid="uid://brkrxxyq4jkys" path="res://scenes/furniture/table.tscn" id="8_gw3fx"]
[ext_resource type="Texture2D" uid="uid://do7xniqqvwb5l" path="res://assets/terrain_textures/moss_dirt/albedo.png" id="9_braog"]
[ext_resource type="PackedScene" uid="uid://cjsb3guv608vj" path="res://scenes/halloween_kit/large_dead_decorated_tree.tscn" id="9_m335s"]
[ext_resource type="Texture2D" uid="uid://dt58wws0wwksb" path="res://assets/terrain_textures/moss_dirt/normal.png" id="10_14ag1"]
[ext_resource type="PackedScene" uid="uid://bh3o6b4g066g2" path="res://scenes/halloween_kit/yellow_pumpkin.tscn" id="10_sq6bu"]
[ext_resource type="PackedScene" uid="uid://cdy7o8rbnvoaq" path="res://scenes/halloween_kit/plaque_candles.tscn" id="11_4b7dj"]
[ext_resource type="Texture2D" uid="uid://og23q550wdn5" path="res://assets/terrain_textures/sand/albedo.png" id="11_7ilj0"]
[ext_resource type="Texture2D" uid="uid://cv3ufq25fg5fv" path="res://assets/terrain_textures/sand/normal.png" id="12_b7dnk"]
[ext_resource type="PackedScene" uid="uid://be4ag7c0el24" path="res://scenes/halloween_kit/large_yellow_pine.tscn" id="13_2cfcp"]
[ext_resource type="Texture2D" uid="uid://cu4kx63vdl177" path="res://assets/terrain_textures/pave_stones/albedo.png" id="13_13p8c"]
[ext_resource type="Texture2D" uid="uid://cw5iytagdjevf" path="res://assets/terrain_textures/pave_stones/normal.png" id="14_7brxb"]
[ext_resource type="PackedScene" uid="uid://df37d2kagcck2" path="res://scenes/halloween_kit/medium_yellow_pine.tscn" id="14_y2ir2"]
[ext_resource type="Texture2D" uid="uid://beqktoe2ies7x" path="res://assets/terrain_textures/rocky_grass/albedo.png" id="15_kk4w4"]
[ext_resource type="Texture2D" uid="uid://bdttn7kvf0ern" path="res://assets/terrain_textures/rocky_grass/normal.png" id="16_u700q"]
[ext_resource type="Texture2D" uid="uid://xykbv6c6my36" path="res://assets/terrain_textures/marble_1/albedo.png" id="17_5tqci"]
[ext_resource type="PackedScene" uid="uid://babtwlincfli4" path="res://scenes/cybertruck.tscn" id="18_4qxv8"]
[ext_resource type="Texture2D" uid="uid://dwjutevm5m3ir" path="res://assets/terrain_textures/marble_1/normal.png" id="18_wbs3n"]
[ext_resource type="PackedScene" uid="uid://c3hsmnwdm1jpv" path="res://scenes/minecraft/workbench.tscn" id="19_fq663"]
[ext_resource type="Texture2D" uid="uid://dpu1sbmra62nd" path="res://assets/terrain_textures/concrete/albedo.png" id="19_viykf"]
[ext_resource type="Texture2D" uid="uid://7x6wo1j1qi2g" path="res://assets/terrain_textures/concrete/normal.png" id="20_0711t"]
[ext_resource type="PackedScene" uid="uid://utewf8gmpdml" path="res://scenes/halloween_kit/grave_b.tscn" id="20_mniao"]
[ext_resource type="Texture2D" uid="uid://dqub0jvduhhea" path="res://assets/terrain_textures/light_gravel/albedo.png" id="21_2to6b"]
[ext_resource type="PackedScene" uid="uid://c7mj7igs18twj" path="res://scenes/halloween_kit/grave_dirt.tscn" id="21_yfm5w"]
[ext_resource type="PackedScene" uid="uid://crtmv1cyf5oe0" path="res://scenes/halloween_kit/coffin.tscn" id="22_081xv"]
[ext_resource type="Texture2D" uid="uid://8mup4mp65xak" path="res://assets/terrain_textures/light_gravel/normal.png" id="22_mwd64"]
[ext_resource type="Texture2D" uid="uid://ch1tahpn46snd" path="res://assets/terrain_textures/marble_2/albedo.png" id="23_3gseh"]
[ext_resource type="PackedScene" uid="uid://bu323aaduohvb" path="res://scenes/halloween_kit/arch.tscn" id="23_12q1p"]
[ext_resource type="Texture2D" uid="uid://dxx44kqlsycyt" path="res://assets/terrain_textures/marble_2/normal.png" id="24_5ckh2"]
[ext_resource type="PackedScene" uid="uid://ca1yi23jy70pv" path="res://scenes/halloween_kit/grave_a.tscn" id="24_lhdcv"]
[ext_resource type="PackedScene" uid="uid://d2jk1x0iucbu6" path="res://scenes/halloween_kit/large_orange_pine.tscn" id="24_mniao"]
[ext_resource type="PackedScene" uid="uid://df1obj8xh5mby" path="res://scenes/halloween_kit/path_a.tscn" id="25_cgoaf"]
[ext_resource type="PackedScene" uid="uid://dscf5vk6y583j" path="res://scenes/halloween_kit/large_dead_tree.tscn" id="25_yfm5w"]
[ext_resource type="Texture2D" uid="uid://dxa4su0yp61mj" path="res://assets/terrain_textures/bricks/albedo.png" id="25_yxwsa"]
[ext_resource type="PackedScene" uid="uid://d1n47dxbyo7x8" path="res://scenes/halloween_kit/medium_dead_tree.tscn" id="26_081xv"]
[ext_resource type="Texture2D" uid="uid://d0weaqkqnvpyc" path="res://assets/terrain_textures/bricks/normal.png" id="26_ixmst"]
[ext_resource type="PackedScene" uid="uid://qk6e8kyspqgs" path="res://scenes/halloween_kit/post_lantern.tscn" id="26_mwr4f"]
[ext_resource type="Texture2D" uid="uid://c4064kx3oiddr" path="res://assets/terrain_textures/sandstone/albedo.png" id="27_0bapr"]
[ext_resource type="PackedScene" uid="uid://c7pn2ib6ias6i" path="res://scenes/halloween_kit/crypt.tscn" id="27_1qn5a"]
[ext_resource type="PackedScene" uid="uid://boqc6w5obqpqq" path="res://scenes/halloween_kit/ribcage.tscn" id="28_leq5k"]
[ext_resource type="Texture2D" uid="uid://brckpirjjoums" path="res://assets/terrain_textures/sandstone/normal.png" id="28_rnsdi"]
[ext_resource type="Texture2D" uid="uid://7si61dbylv2w" path="res://assets/terrain_textures/dirty_bricks/albedo.png" id="29_5l1u0"]
[ext_resource type="Texture2D" uid="uid://svrujqikhvkf" path="res://assets/terrain_textures/dirty_bricks/normal.png" id="30_euj8t"]
[ext_resource type="PackedScene" uid="uid://chewp5rsgq5q4" path="res://scenes/halloween_kit/small_dead_tree.tscn" id="30_mniao"]
[ext_resource type="PackedScene" uid="uid://ci1ocj5yoyjyo" path="res://scenes/halloween_kit/fence_gate.tscn" id="30_yfm5w"]
[ext_resource type="PackedScene" uid="uid://byin8hmuw7e83" path="res://scenes/items/batteries.tscn" id="33_yfm5w"]
[ext_resource type="PackedScene" uid="uid://bkgi0txxiq1to" path="res://scenes/water.tscn" id="34_081xv"]
[ext_resource type="PackedScene" uid="uid://dyl0kfuawdn14" path="res://scenes/particles/fire_effect.tscn" id="38_mwr4f"]
[ext_resource type="PackedScene" uid="uid://b7mt7q0nsjjpr" path="res://scenes/halloween_kit/post_skull.tscn" id="40_leq5k"]
[ext_resource type="PackedScene" uid="uid://dj7ymq5yhxxi6" path="res://scenes/halloween_kit/medium_orange_pine.tscn" id="53_icjpl"]
[ext_resource type="PackedScene" uid="uid://csia6uw5e6xpc" path="res://scenes/house.tscn" id="61_kycfx"]

[sub_resource type="Gradient" id="Gradient_hrmi8"]
offsets = PackedFloat32Array(0.2, 1)
colors = PackedColorArray(1, 1, 1, 1, 0, 0, 0, 1)

[sub_resource type="FastNoiseLite" id="FastNoiseLite_4xfga"]
noise_type = 2
frequency = 0.03
cellular_jitter = 3.0
cellular_return_type = 0
domain_warp_enabled = true
domain_warp_type = 1
domain_warp_amplitude = 50.0
domain_warp_fractal_type = 2
domain_warp_fractal_lacunarity = 1.5
domain_warp_fractal_gain = 1.0

[sub_resource type="NoiseTexture2D" id="NoiseTexture2D_paxxb"]
seamless = true
color_ramp = SubResource("Gradient_hrmi8")
noise = SubResource("FastNoiseLite_4xfga")

[sub_resource type="Terrain3DMaterial" id="Terrain3DMaterial_mny3l"]
_shader_parameters = {
&"bias_distance": 512.0,
&"blend_sharpness": 0.87,
&"depth_blur": 0.0,
&"enable_macro_variation": true,
&"enable_projection": true,
&"height_blending": true,
&"macro_variation1": Color(1, 1, 1, 1),
&"macro_variation2": Color(1, 1, 1, 1),
&"macro_variation_slope": 0.333,
&"mipmap_bias": 1.0,
&"noise1_angle": 0.0,
&"noise1_offset": Vector2(0.5, 0.5),
&"noise1_scale": 0.04,
&"noise2_scale": 0.076,
&"noise3_scale": 0.225,
&"noise_texture": SubResource("NoiseTexture2D_paxxb"),
&"projection_angular_division": 2.0,
&"projection_threshold": 0.8,
&"world_space_normal_blend": true
}

[sub_resource type="StandardMaterial3D" id="StandardMaterial3D_m335s"]
transparency = 4
cull_mode = 2
vertex_color_use_as_albedo = true
backlight_enabled = true
backlight = Color(0.5, 0.5, 0.5, 1)
distance_fade_mode = 1
distance_fade_min_distance = 128.0
distance_fade_max_distance = 96.0

[sub_resource type="Terrain3DMeshAsset" id="Terrain3DMeshAsset_y2ir2"]
generated_type = 1
height_offset = 0.5
material_override = SubResource("StandardMaterial3D_m335s")
last_lod = 0
last_shadow_lod = 0
lod0_range = 128.0

[sub_resource type="Terrain3DMeshAsset" id="Terrain3DMeshAsset_s2dh3"]
name = "arch"
id = 1
scene_file = ExtResource("23_12q1p")
last_lod = 0
last_shadow_lod = 0
lod0_range = 128.0

[sub_resource type="Terrain3DMeshAsset" id="Terrain3DMeshAsset_8kgjo"]
name = "ribcage"
id = 2
scene_file = ExtResource("28_leq5k")
last_lod = 0
last_shadow_lod = 0
lod0_range = 128.0

[sub_resource type="Terrain3DTextureAsset" id="Terrain3DTextureAsset_gw3fx"]
name = "rock"
albedo_texture = ExtResource("3_kycfx")
normal_texture = ExtResource("4_6iak1")
normal_depth = 0.627
detiling_rotation = 0.146
detiling_shift = 0.082

[sub_resource type="Terrain3DTextureAsset" id="Terrain3DTextureAsset_2lpho"]
name = "pecans"
id = 1
albedo_texture = ExtResource("5_sp2wr")
normal_texture = ExtResource("6_o4st3")

[sub_resource type="Terrain3DTextureAsset" id="Terrain3DTextureAsset_nakos"]
name = "twig_grass"
id = 2
albedo_color = Color(0.63, 0.63, 0.63, 1)
albedo_texture = ExtResource("7_f4upa")
normal_texture = ExtResource("8_fvbyp")
normal_depth = 0.728
detiling_rotation = 0.038

[sub_resource type="Terrain3DTextureAsset" id="Terrain3DTextureAsset_6ek7f"]
name = "moss_dirt"
id = 3
albedo_texture = ExtResource("9_braog")
normal_texture = ExtResource("10_14ag1")
normal_depth = 1.753
detiling_rotation = 0.196
detiling_shift = 0.165

[sub_resource type="Terrain3DTextureAsset" id="Terrain3DTextureAsset_wslke"]
name = "sand"
id = 4
albedo_texture = ExtResource("11_7ilj0")
normal_texture = ExtResource("12_b7dnk")

[sub_resource type="Terrain3DTextureAsset" id="Terrain3DTextureAsset_4qxv8"]
name = "pave_stones"
id = 5
albedo_texture = ExtResource("13_13p8c")
normal_texture = ExtResource("14_7brxb")

[sub_resource type="Terrain3DTextureAsset" id="Terrain3DTextureAsset_fq663"]
name = "rock_grass"
id = 6
albedo_texture = ExtResource("15_kk4w4")
normal_texture = ExtResource("16_u700q")

[sub_resource type="Terrain3DTextureAsset" id="Terrain3DTextureAsset_vqsqp"]
name = "marble_1"
id = 7
albedo_texture = ExtResource("17_5tqci")
normal_texture = ExtResource("18_wbs3n")
uv_scale = 0.4

[sub_resource type="Terrain3DTextureAsset" id="Terrain3DTextureAsset_mniao"]
name = "concrete"
id = 8
albedo_texture = ExtResource("19_viykf")
normal_texture = ExtResource("20_0711t")

[sub_resource type="Terrain3DTextureAsset" id="Terrain3DTextureAsset_v7gfb"]
name = "light_gravel"
id = 9
albedo_texture = ExtResource("21_2to6b")
normal_texture = ExtResource("22_mwd64")

[sub_resource type="Terrain3DTextureAsset" id="Terrain3DTextureAsset_icjpl"]
name = "marble_2"
id = 10
albedo_texture = ExtResource("23_3gseh")
normal_texture = ExtResource("24_5ckh2")

[sub_resource type="Terrain3DTextureAsset" id="Terrain3DTextureAsset_vwuk8"]
name = "bricks"
id = 11
albedo_texture = ExtResource("25_yxwsa")
normal_texture = ExtResource("26_ixmst")

[sub_resource type="Terrain3DTextureAsset" id="Terrain3DTextureAsset_kycfx"]
name = "sandstone"
id = 12
albedo_texture = ExtResource("27_0bapr")
normal_texture = ExtResource("28_rnsdi")
uv_scale = 0.2

[sub_resource type="Terrain3DTextureAsset" id="Terrain3DTextureAsset_sp2wr"]
name = "dirty_bricks"
id = 13
albedo_texture = ExtResource("29_5l1u0")
normal_texture = ExtResource("30_euj8t")
uv_scale = 0.2

[sub_resource type="Terrain3DAssets" id="Terrain3DAssets_lnuqa"]
mesh_list = Array[Terrain3DMeshAsset]([SubResource("Terrain3DMeshAsset_y2ir2"), SubResource("Terrain3DMeshAsset_s2dh3"), SubResource("Terrain3DMeshAsset_8kgjo")])
texture_list = Array[Terrain3DTextureAsset]([SubResource("Terrain3DTextureAsset_gw3fx"), SubResource("Terrain3DTextureAsset_2lpho"), SubResource("Terrain3DTextureAsset_nakos"), SubResource("Terrain3DTextureAsset_6ek7f"), SubResource("Terrain3DTextureAsset_wslke"), SubResource("Terrain3DTextureAsset_4qxv8"), SubResource("Terrain3DTextureAsset_fq663"), SubResource("Terrain3DTextureAsset_vqsqp"), SubResource("Terrain3DTextureAsset_mniao"), SubResource("Terrain3DTextureAsset_v7gfb"), SubResource("Terrain3DTextureAsset_icjpl"), SubResource("Terrain3DTextureAsset_vwuk8"), SubResource("Terrain3DTextureAsset_kycfx"), SubResource("Terrain3DTextureAsset_sp2wr")])

[node name="Map" type="Node3D"]

[node name="Terrain3D" type="Terrain3D" parent="."]
data_directory = "res://terrain_data"
material = SubResource("Terrain3DMaterial_mny3l")
assets = SubResource("Terrain3DAssets_lnuqa")
collision_mode = 3
collision_mask = 15
mesh_lods = 4
mesh_size = 20
vertex_spacing = 0.25
top_level = true
script = ExtResource("2_fq663")
metadata/_edit_lock_ = true

[node name="Props" type="Node3D" parent="."]

[node name="Medium Dead Tree3" parent="Props" instance=ExtResource("26_081xv")]
transform = Transform3D(0.999783, 0, 0.0208203, 0, 1, 0, -0.0208203, 0, 0.999783, 23.4196, 0.893401, 52.4701)

[node name="Large Dead Tree3" parent="Props" instance=ExtResource("25_yfm5w")]
transform = Transform3D(0.657494, 0.390093, 0.644616, -0.705168, 0.0172272, 0.708831, 0.265405, -0.920614, 0.286408, 20.2311, 1.02894, 54.7928)

[node name="Large Orange Pine2" parent="Props" instance=ExtResource("24_mniao")]
transform = Transform3D(0.995865, -0.0908412, 0, 0.0908301, 0.995744, 0.0155852, -0.00141577, -0.0155207, 0.999879, 25.0687, 1.03822, 54.2482)

[node name="Medium Orange Pine" parent="Props" instance=ExtResource("53_icjpl")]
transform = Transform3D(1, 0, 0, 0, 1, 0, 0, 0, 1, 19.6296, 1.4759, 56.9845)

[node name="Medium Orange Pine2" parent="Props" instance=ExtResource("53_icjpl")]
transform = Transform3D(1, 0, 0, 0, 1, 0, 0, 0, 1, 15.6094, 1.14284, 56.2643)

[node name="Large Orange Pine3" parent="Props" instance=ExtResource("24_mniao")]
transform = Transform3D(1, 0, 0, 0, 1, 0, 0, 0, 1, 18.0923, 1.09226, 56.0904)

[node name="Medium Dead Tree4" parent="Props" instance=ExtResource("26_081xv")]
transform = Transform3D(-0.944371, 0, 0.328883, 0, 1, 0, -0.328883, 0, -0.944371, 15.1835, 1.00001, 54.548)

[node name="Path D2" parent="Props" instance=ExtResource("5_blm8a")]
transform = Transform3D(0.999071, -0.0430963, 0, 0.0430963, 0.999071, 0, 0, 0, 1, 23.6812, 1.02134, 48.6982)

[node name="Path C" parent="Props" instance=ExtResource("6_mlgqr")]
transform = Transform3D(0.934236, -0.333432, -0.126599, 0.356656, 0.873399, 0.331616, 0, -0.35496, 0.934881, 19.6181, 0.667988, 51.513)

[node name="Large Orange Pine4" parent="Props" instance=ExtResource("24_mniao")]
transform = Transform3D(1, 0, 0, 0, 1, 0, 0, 0, 1, 19.9579, 1.30759, 59.9516)

[node name="Large Orange Pine5" parent="Props" instance=ExtResource("24_mniao")]
transform = Transform3D(1, 0, 0, 0, 1, 0, 0, 0, 1, 16.9936, 1.53994, 60.6393)

[node name="Large Orange Pine6" parent="Props" instance=ExtResource("24_mniao")]
transform = Transform3D(1, 0, 0, 0, 1, 0, 0, 0, 1, 14.2438, 1.25429, 59.131)

[node name="Medium Orange Pine3" parent="Props" instance=ExtResource("53_icjpl")]
transform = Transform3D(0.99328, -0.115735, 0, 0.115657, 0.992612, 0.0366786, -0.00424498, -0.0364321, 0.999327, 22.5689, 1.05847, 55.9999)

[node name="Medium Orange Pine4" parent="Props" instance=ExtResource("53_icjpl")]
transform = Transform3D(1, 0, 0, 0, 1, 0, 0, 0, 1, 17.0723, 1.0777, 58.4437)

[node name="Medium Orange Pine5" parent="Props" instance=ExtResource("53_icjpl")]
transform = Transform3D(1, 0, 0, 0, 1, 0, 0, 0, 1, 19.5892, 1.00811, 62.9657)

[node name="Medium Orange Pine6" parent="Props" instance=ExtResource("53_icjpl")]
transform = Transform3D(0.189729, -0.0403934, -0.981005, -0.0410364, 0.997954, -0.0490278, 0.980979, 0.0495589, 0.187683, 16.8066, 1.14845, 62.5557)

[node name="Medium Orange Pine7" parent="Props" instance=ExtResource("53_icjpl")]
transform = Transform3D(0.992675, 0, -0.120813, -0.00399924, 0.999452, -0.0328604, 0.120746, 0.0331028, 0.992131, 13.7924, 1.28686, 61.2384)

[node name="Chair" parent="Props" instance=ExtResource("7_wslke")]
transform = Transform3D(1, 0, 0, 0, 1, 0, 0, 0, 1, -7.00668, 1.2, 56.8195)

[node name="Table" parent="Props" instance=ExtResource("8_gw3fx")]
transform = Transform3D(1, 0, 0, 0, 1, 0, 0, 0, 1, -6.78687, 1.2, 58.2307)

[node name="Table2" parent="Props" instance=ExtResource("8_gw3fx")]
transform = Transform3D(1, 0, 0, 0, 1, 0, 0, 0, 1, -5.26837, 1.2, 59.7173)

[node name="Chair2" parent="Props" instance=ExtResource("7_wslke")]
transform = Transform3D(1, 0, 0, 0, 1, 0, 0, 0, 1, -5.16227, 1.2, 58.5081)

[node name="Chair3" parent="Props" instance=ExtResource("7_wslke")]
transform = Transform3D(0.114926, 0.561548, 0.819424, 0.967195, 0.124874, -0.221227, -0.226554, 0.817967, -0.528775, -5.94988, 1.9183, 60.4216)

[node name="Chair4" parent="Props" instance=ExtResource("7_wslke")]
transform = Transform3D(1, 0, 0, 0, 1, 0, 0, 0, 1, -10.3699, 1.2, 56.0993)

[node name="Table3" parent="Props" instance=ExtResource("8_gw3fx")]
transform = Transform3D(1, 0, 0, 0, 1, 0, 0, 0, 1, -8.60127, 1.2, 55.4988)

[node name="Chair5" parent="Props" instance=ExtResource("7_wslke")]
transform = Transform3D(0.473858, 0, 0.880601, 0, 1, 0, -0.880601, 0, 0.473858, -11.1733, 1.2, 57.8748)

[node name="Table4" parent="Props" instance=ExtResource("8_gw3fx")]
transform = Transform3D(1, 0, 0, 0, 1, 0, 0, 0, 1, -12.1995, 1.2, 60.7708)

[node name="Table5" parent="Props" instance=ExtResource("8_gw3fx")]
transform = Transform3D(1, 0, 0, 0, 1, 0, 0, 0, 1, -15.6405, 1.2, 56.6285)

[node name="Chair6" parent="Props" instance=ExtResource("7_wslke")]
transform = Transform3D(-0.448461, 0, 0.893802, 0, 1, 0, -0.893802, 0, -0.448461, -14.1206, 1.2, 61.5773)

[node name="Table6" parent="Props" instance=ExtResource("8_gw3fx")]
transform = Transform3D(0.536799, -0.685172, 0.492328, 0.795582, 0.216797, -0.565729, 0.280887, 0.69537, 0.661486, -11.6541, 1.59076, 55.2339)

[node name="Large Dead Decorated Tree2" parent="Props" instance=ExtResource("9_m335s")]
transform = Transform3D(-0.475993, 0, 0.879449, 0, 1, 0, -0.879449, 0, -0.475993, -8.00675, 0, 49.0039)

[node name="Yellow Pumpkin" parent="Props" instance=ExtResource("10_sq6bu")]
transform = Transform3D(1, 0, 0, 0, 1, 0, 0, 0, 1, -8.63122, 2.92721, 55.4182)

[node name="Yellow Pumpkin2" parent="Props" instance=ExtResource("10_sq6bu")]
transform = Transform3D(1, 0, 0, 0, 1, 0, 0, 0, 1, -6.73601, 3.00338, 58.1044)

[node name="Yellow Pumpkin3" parent="Props" instance=ExtResource("10_sq6bu")]
transform = Transform3D(1, 0, 0, 0, 1, 0, 0, 0, 1, -12.0226, 3.00338, 60.77)

[node name="Plaque Candles" parent="Props" instance=ExtResource("11_4b7dj")]
transform = Transform3D(0.80002, 0, -0.599973, 0, 1, 0, 0.599973, 0, 0.80002, -9.51838, 1.20001, 59.2807)

[node name="Small Dead Tree3" parent="Props" instance=ExtResource("30_mniao")]
transform = Transform3D(0.994491, 0.104257, 0.0108824, -0.104824, 0.989117, 0.103245, 0, -0.103817, 0.994596, -9.16848, 1.33619, 62.7138)

[node name="Large Yellow Pine" parent="Props" instance=ExtResource("13_2cfcp")]
transform = Transform3D(1, 0, 0, 0, 1, 0, 0, 0, 1, 11.9136, 1.42415, 55.5013)

[node name="Large Yellow Pine2" parent="Props" instance=ExtResource("13_2cfcp")]
transform = Transform3D(1, 0, 0, 0, 1, 0, 0, 0, 1, 10.0808, 0.906448, 58.688)

[node name="Medium Orange Pine8" parent="Props" instance=ExtResource("53_icjpl")]
transform = Transform3D(0.992088, -0.125541, 0, 0.125541, 0.992088, 0, 0, 0, 1, 9.62213, 0.260783, 55.8691)

[node name="Medium Yellow Pine" parent="Props" instance=ExtResource("14_y2ir2")]
transform = Transform3D(1, 0, 0, 0, 1, 0, 0, 0, 1, 12.7846, 0.45359, 52.2027)

[node name="Medium Orange Pine9" parent="Props" instance=ExtResource("53_icjpl")]
transform = Transform3D(1, 0, 0, 0, 1, 0, 0, 0, 1, 7.94664, 0.645215, 60.9254)

[node name="Large Yellow Pine3" parent="Props" instance=ExtResource("13_2cfcp")]
transform = Transform3D(1, 0, 0, 0, 1, 0, 0, 0, 1, 11.3408, 0.949288, 62.0135)

[node name="FireEffect" parent="Props" instance=ExtResource("38_mwr4f")]
transform = Transform3D(1, 0, 0, 0, 1, 0, 0, 0, 1, 16.7332, 1.02911, 50)

[node name="FireEffect2" parent="Props" instance=ExtResource("38_mwr4f")]
transform = Transform3D(1, 0, 0, 0, 1, 0, 0, 0, 1, 18.7283, 0.532287, 47.2231)

[node name="Post Skull" parent="Props" instance=ExtResource("40_leq5k")]
transform = Transform3D(-0.68167, -0.295039, -0.669535, -0.374321, 0.926896, -0.0273436, 0.628657, 0.231982, -0.742276, 35.4184, 4.54789, 48.1902)

[node name="cybertruck" parent="Props" instance=ExtResource("18_4qxv8")]
transform = Transform3D(-0.0726998, -0.17078, -0.982623, -0.00982036, 0.985305, -0.17052, 0.997306, -0.00274704, -0.0733086, 19.3555, 0.551991, 48.7619)

[node name="Workbench" parent="Props" instance=ExtResource("19_fq663")]
transform = Transform3D(1, 0, 0, 0, 1, 0, 0, 0, 1, -23.2097, 5.2544, 26.4323)

[node name="Small Dead Tree" parent="Props" instance=ExtResource("30_mniao")]
transform = Transform3D(0.765214, 0, -0.643776, 0, 1, 0, 0.643777, 0, 0.765214, -13.4136, 5.00001, 37.6162)

[node name="Grave B3" parent="Props" instance=ExtResource("20_mniao")]
transform = Transform3D(-0.999917, 0, 0.0128801, 0, 1, 0, -0.0128801, 0, -0.999917, -10.3242, 5.00001, 37.0648)

[node name="Grave Dirt" parent="Props" instance=ExtResource("21_yfm5w")]
transform = Transform3D(1, 0, 0, 0, 1, 0, 0, 0, 1, -9.67787, 5.26998, 33.3128)

[node name="Coffin" parent="Props" instance=ExtResource("22_081xv")]
transform = Transform3D(1, 0, 0, 0, 1, 0, 0, 0, 1, -9.66125, 4.76539, 33.2343)

[node name="Arch" parent="Props" instance=ExtResource("23_12q1p")]
transform = Transform3D(0.969577, 0.0387017, -0.241707, -0.0375525, 0.999251, 0.00936149, 0.241888, 0, 0.970304, -24.3449, 4.63252, 17.0727)

[node name="Grave A" parent="Props" instance=ExtResource("24_lhdcv")]
transform = Transform3D(-0.607431, 0, -0.794372, 0, 1, 0, 0.794372, 0, -0.607431, -14.274, 5.00001, 23.2945)

[node name="Grave B" parent="Props" instance=ExtResource("20_mniao")]
transform = Transform3D(-0.040498, 0, 0.99918, 0, 1, 0, -0.99918, 0, -0.040498, -15.5242, 5.00001, 20.9724)

[node name="Large Dead Decorated Tree" parent="Props" instance=ExtResource("9_m335s")]
transform = Transform3D(-0.660356, 0, -0.750953, 0, 1, 0, 0.750953, 0, -0.660356, -15.1467, 5.02226, 26.0293)

[node name="Large Orange Pine" parent="Props" instance=ExtResource("24_mniao")]
transform = Transform3D(1, 0, 0, 0, 1, 0, 0, 0, 1, -31.973, 5.14084, 18.3348)

[node name="Grave A2" parent="Props" instance=ExtResource("24_lhdcv")]
transform = Transform3D(0.808658, 0, -0.588279, 0, 1, 0, 0.588279, 0, 0.808658, -38.1776, 5.00001, 31.4605)

[node name="Grave B2" parent="Props" instance=ExtResource("20_mniao")]
transform = Transform3D(0.948229, 0, -0.317586, 0, 1, 0, 0.317586, 0, 0.948229, -34.8266, 5.00001, 37.6129)

[node name="Large Dead Tree" parent="Props" instance=ExtResource("25_yfm5w")]
transform = Transform3D(0.943211, 0, -0.332194, 0, 1, 0, 0.332194, 0, 0.943211, -38.0787, 5.00001, 34.771)

[node name="Medium Dead Tree" parent="Props" instance=ExtResource("26_081xv")]
transform = Transform3D(1, 0, 0, 0, 1, 0, 0, 0, 1, -37.9231, 5.00001, 37.0571)

[node name="Path A" parent="Props" instance=ExtResource("25_cgoaf")]
transform = Transform3D(0.911884, 0, 0.410448, 0, 1, 0, -0.410448, 0, 0.911884, -16.6314, 5.08468, 23.4221)

[node name="Path D" parent="Props" instance=ExtResource("5_blm8a")]
transform = Transform3D(0.992343, 0.123515, -3.27978e-10, -0.123506, 0.992271, -0.0119901, -0.00148096, 0.0118983, 0.999928, -24.4324, 5.44895, 22.7487)

[node name="Post Lantern" parent="Props" instance=ExtResource("26_mwr4f")]
transform = Transform3D(-0.950489, 0, 0.310759, 0, 1, 0, -0.310759, 0, -0.950489, -25.2991, 5.94293, 38.8422)

[node name="crypt" parent="Props" instance=ExtResource("27_1qn5a")]
transform = Transform3D(-0.766044, -0.0727656, -0.638656, 0, 0.993572, -0.113203, 0.642788, -0.0867187, -0.76112, 57.912, 10.9094, 57.3643)

[node name="ribcage" parent="Props" instance=ExtResource("28_leq5k")]
transform = Transform3D(1.6375, 0.379584, 1.08375, -0.843169, 1.67884, 0.685987, -0.779519, -1.01854, 1.53458, 57.81, 10.5352, 51.7402)

[node name="Fence Gate" parent="Props" instance=ExtResource("30_yfm5w")]
transform = Transform3D(0.608886, 0, -0.793258, 0.127866, 0.986923, 0.0981466, 0.782885, -0.16119, 0.600924, 25.6828, 1.28763, 48.0538)

[node name="Fence Gate2" parent="Props" instance=ExtResource("30_yfm5w")]
transform = Transform3D(0.874696, 0, -0.484672, 0, 1, 0, 0.484672, 0, 0.874696, 28.4625, 1.89123, 50.5304)

[node name="Fence Gate3" parent="Props" instance=ExtResource("30_yfm5w")]
transform = Transform3D(0.745966, -0.611926, -0.262832, 0.618756, 0.782779, -0.0663214, 0.246323, -0.113156, 0.962559, 32.1526, 3.18673, 52.0391)

[node name="Fence Gate4" parent="Props" instance=ExtResource("30_yfm5w")]
transform = Transform3D(0.22483, -0.472176, -0.85235, 0.71692, 0.672577, -0.183481, 0.659907, -0.569815, 0.489728, 35.0776, 2.18804, 42.7916)

[node name="Fence Gate5" parent="Props" instance=ExtResource("30_yfm5w")]
transform = Transform3D(0.73976, 0, -0.672871, 0.272211, 0.914515, 0.299271, 0.61535, -0.404551, 0.676522, 33.2048, 0.258358, 40.1567)

[node name="Fence Gate6" parent="Props" instance=ExtResource("30_yfm5w")]
transform = Transform3D(0.963714, 0, -0.266936, 0, 1, 0, 0.266936, 0, 0.963714, 29.776, 0.00616163, 38.0768)

[node name="Fence Gate7" parent="Props" instance=ExtResource("30_yfm5w")]
transform = Transform3D(0.934875, 0, 0.354976, 0, 1, 0, -0.354976, 0, 0.934875, 25.8027, 6.87298e-06, 38.5811)

[node name="Fence Gate8" parent="Props" instance=ExtResource("30_yfm5w")]
transform = Transform3D(0.457284, 0, 0.889321, 0, 1, 0, -0.889321, 0, 0.457284, 23.2364, 0.0192657, 41.3361)

[node name="Fence Gate9" parent="Props" instance=ExtResource("30_yfm5w")]
transform = Transform3D(-0.633313, 0, 0.773895, -0.187209, 0.9703, -0.153202, -0.750911, -0.241905, -0.614504, 22.8202, 0.889969, 44.7827)

[node name="House" parent="." instance=ExtResource("61_kycfx")]
transform = Transform3D(1, 0, 0, 0, 1, 0, 0, 0, 1, -50.535, 20.1459, -41.1623)

[node name="Player" parent="." instance=ExtResource("1_sq6bu")]
transform = Transform3D(1, 0, 0, 0, 1, 0, 0, 0, 1, -29.988, 5.68999, 32.8974)

[node name="Batteries" parent="." instance=ExtResource("33_yfm5w")]
transform = Transform3D(1, 0, 0, 0, 1, 0, 0, 0, 1, -16.6387, 12.0144, -13.3578)

[node name="Water" parent="." instance=ExtResource("34_081xv")]
transform = Transform3D(1, 0, 0, 0, -4.37114e-08, 1, 0, -1, -4.37114e-08, 45.827, -0.774288, -33.9213)
