[gd_scene load_steps=37 format=3 uid="uid://bdob5xtuhx08m"]

[ext_resource type="PackedScene" uid="uid://dscf5vk6y583j" path="res://scenes/halloween_kit/large_dead_tree.tscn" id="1_hcvdy"]
[ext_resource type="PackedScene" uid="uid://d2jk1x0iucbu6" path="res://scenes/halloween_kit/large_orange_pine.tscn" id="2_rmeug"]
[ext_resource type="PackedScene" uid="uid://dj7ymq5yhxxi6" path="res://scenes/halloween_kit/medium_orange_pine.tscn" id="3_eihdy"]
[ext_resource type="PackedScene" uid="uid://dfe63fkfbjl5m" path="res://scenes/halloween_kit/path_d.tscn" id="4_03mp2"]
[ext_resource type="PackedScene" uid="uid://d2b2u6ovpkg7w" path="res://scenes/halloween_kit/path_c.tscn" id="5_qiwd7"]
[ext_resource type="PackedScene" uid="uid://gp20bq1ixoii" path="res://scenes/furniture/chair.tscn" id="6_0h03q"]
[ext_resource type="PackedScene" uid="uid://brkrxxyq4jkys" path="res://scenes/furniture/table.tscn" id="7_yu8em"]
[ext_resource type="PackedScene" uid="uid://cjsb3guv608vj" path="res://scenes/halloween_kit/large_dead_decorated_tree.tscn" id="8_jjfuh"]
[ext_resource type="PackedScene" uid="uid://bh3o6b4g066g2" path="res://scenes/halloween_kit/yellow_pumpkin.tscn" id="9_adsgg"]
[ext_resource type="PackedScene" uid="uid://cdy7o8rbnvoaq" path="res://scenes/halloween_kit/plaque_candles.tscn" id="10_fdw34"]
[ext_resource type="PackedScene" uid="uid://chewp5rsgq5q4" path="res://scenes/halloween_kit/small_dead_tree.tscn" id="11_ovtrj"]
[ext_resource type="PackedScene" uid="uid://be4ag7c0el24" path="res://scenes/halloween_kit/large_yellow_pine.tscn" id="12_piyvj"]
[ext_resource type="PackedScene" uid="uid://df37d2kagcck2" path="res://scenes/halloween_kit/medium_yellow_pine.tscn" id="13_fe6dq"]
[ext_resource type="PackedScene" uid="uid://dyl0kfuawdn14" path="res://scenes/particles/fire_effect.tscn" id="14_fgmwo"]
[ext_resource type="PackedScene" uid="uid://b7mt7q0nsjjpr" path="res://scenes/halloween_kit/post_skull.tscn" id="15_tnrvw"]
[ext_resource type="PackedScene" uid="uid://babtwlincfli4" path="res://scenes/cybertruck.tscn" id="16_2tpaf"]
[ext_resource type="PackedScene" uid="uid://c3hsmnwdm1jpv" path="res://scenes/minecraft/workbench.tscn" id="17_hq27x"]
[ext_resource type="PackedScene" uid="uid://utewf8gmpdml" path="res://scenes/halloween_kit/grave_b.tscn" id="18_b5o31"]
[ext_resource type="PackedScene" uid="uid://c7mj7igs18twj" path="res://scenes/halloween_kit/grave_dirt.tscn" id="19_inf8o"]
[ext_resource type="PackedScene" uid="uid://crtmv1cyf5oe0" path="res://scenes/halloween_kit/coffin.tscn" id="20_tsk3b"]
[ext_resource type="PackedScene" uid="uid://bu323aaduohvb" path="res://scenes/halloween_kit/arch.tscn" id="21_bw6nc"]
[ext_resource type="PackedScene" uid="uid://ca1yi23jy70pv" path="res://scenes/halloween_kit/grave_a.tscn" id="22_rndt7"]
[ext_resource type="PackedScene" uid="uid://df1obj8xh5mby" path="res://scenes/halloween_kit/path_a.tscn" id="23_c5g2o"]
[ext_resource type="PackedScene" uid="uid://qk6e8kyspqgs" path="res://scenes/halloween_kit/post_lantern.tscn" id="24_nlgcg"]
[ext_resource type="PackedScene" uid="uid://c7pn2ib6ias6i" path="res://scenes/halloween_kit/crypt.tscn" id="25_1stxp"]
[ext_resource type="PackedScene" uid="uid://boqc6w5obqpqq" path="res://scenes/halloween_kit/ribcage.tscn" id="26_jwjy1"]
[ext_resource type="PackedScene" uid="uid://ci1ocj5yoyjyo" path="res://scenes/halloween_kit/fence_gate.tscn" id="27_xsm87"]
[ext_resource type="PackedScene" uid="uid://byin8hmuw7e83" path="res://scenes/items/batteries.tscn" id="28_owxa2"]
[ext_resource type="PackedScene" uid="uid://bkgi0txxiq1to" path="res://scenes/water.tscn" id="29_eu6mn"]
[ext_resource type="PackedScene" uid="uid://bf1776umoesmt" path="res://scenes/minecraft/iron_ore.tscn" id="30_ort5x"]
[ext_resource type="PackedScene" uid="uid://jw7pheejk7to" path="res://scenes/furniture/wardrobe.tscn" id="31_lo2tl"]
[ext_resource type="PackedScene" uid="uid://cxgiq6bp1fde0" path="res://scenes/items/flashlight/Flashlight.tscn" id="32_0eds0"]
[ext_resource type="PackedScene" uid="uid://byhqqrynpxch0" path="res://scenes/items/steak.tscn" id="33_txwiq"]
[ext_resource type="PackedScene" uid="uid://6i256qd8h36k" path="res://scenes/minecraft/chest.tscn" id="34_lm0jk"]
[ext_resource type="PackedScene" uid="uid://bxhpq7qbhiir1" path="res://scenes/furniture/drawer.tscn" id="35_ntktv"]
[ext_resource type="PackedScene" uid="uid://goh4i24tk7k2" path="res://scenes/furniture/dinner_table.tscn" id="36_vmtc7"]

[node name="Props" type="Node3D"]

[node name="Large Dead Tree3" parent="." instance=ExtResource("1_hcvdy")]
transform = Transform3D(0.657494, 0.390093, 0.644616, -0.705168, 0.0172272, 0.708831, 0.265405, -0.920614, 0.286408, 20.2311, 1.02894, 54.7928)

[node name="Large Orange Pine2" parent="." instance=ExtResource("2_rmeug")]
transform = Transform3D(0.995865, -0.0908412, 0, 0.0908301, 0.995744, 0.0155852, -0.00141577, -0.0155207, 0.999879, 25.0687, 1.03822, 54.2482)

[node name="Medium Orange Pine" parent="." instance=ExtResource("3_eihdy")]
transform = Transform3D(1, 0, 0, 0, 1, 0, 0, 0, 1, 19.6296, 1.4759, 56.9845)

[node name="Medium Orange Pine2" parent="." instance=ExtResource("3_eihdy")]
transform = Transform3D(1, 0, 0, 0, 1, 0, 0, 0, 1, 15.6094, 1.14284, 56.2643)

[node name="Large Orange Pine3" parent="." instance=ExtResource("2_rmeug")]
transform = Transform3D(1, 0, 0, 0, 1, 0, 0, 0, 1, 18.0923, 1.09226, 56.0904)

[node name="Path D2" parent="." instance=ExtResource("4_03mp2")]
transform = Transform3D(0.999071, -0.0430963, 0, 0.0430963, 0.999071, 0, 0, 0, 1, 23.6812, 1.02134, 48.6982)

[node name="Path C" parent="." instance=ExtResource("5_qiwd7")]
transform = Transform3D(0.934236, -0.333432, -0.126599, 0.356656, 0.873399, 0.331616, 0, -0.35496, 0.934881, 19.6181, 0.667988, 51.513)

[node name="Large Orange Pine4" parent="." instance=ExtResource("2_rmeug")]
transform = Transform3D(1, 0, 0, 0, 1, 0, 0, 0, 1, 19.9579, 1.30759, 59.9516)

[node name="Large Orange Pine5" parent="." instance=ExtResource("2_rmeug")]
transform = Transform3D(1, 0, 0, 0, 1, 0, 0, 0, 1, 16.9936, 1.53994, 60.6393)

[node name="Large Orange Pine6" parent="." instance=ExtResource("2_rmeug")]
transform = Transform3D(1, 0, 0, 0, 1, 0, 0, 0, 1, 14.2438, 1.25429, 59.131)

[node name="Medium Orange Pine3" parent="." instance=ExtResource("3_eihdy")]
transform = Transform3D(0.99328, -0.115735, 0, 0.115657, 0.992612, 0.0366786, -0.00424498, -0.0364321, 0.999327, 22.5689, 1.05847, 55.9999)

[node name="Medium Orange Pine4" parent="." instance=ExtResource("3_eihdy")]
transform = Transform3D(1, 0, 0, 0, 1, 0, 0, 0, 1, 17.0723, 1.0777, 58.4437)

[node name="Medium Orange Pine5" parent="." instance=ExtResource("3_eihdy")]
transform = Transform3D(1, 0, 0, 0, 1, 0, 0, 0, 1, 19.5892, 1.00811, 62.9657)

[node name="Medium Orange Pine6" parent="." instance=ExtResource("3_eihdy")]
transform = Transform3D(0.189729, -0.0403934, -0.981005, -0.0410364, 0.997954, -0.0490278, 0.980979, 0.0495589, 0.187683, 16.8066, 1.14845, 62.5557)

[node name="Medium Orange Pine7" parent="." instance=ExtResource("3_eihdy")]
transform = Transform3D(0.992675, 0, -0.120813, -0.00399924, 0.999452, -0.0328604, 0.120746, 0.0331028, 0.992131, 13.7924, 1.28686, 61.2384)

[node name="Chair" parent="." instance=ExtResource("6_0h03q")]
transform = Transform3D(1, 0, 0, 0, 1, 0, 0, 0, 1, -7.00668, 1.2, 56.8195)

[node name="Table" parent="." instance=ExtResource("7_yu8em")]
transform = Transform3D(1, 0, 0, 0, 1, 0, 0, 0, 1, -6.78687, 1.2, 58.2307)

[node name="Table2" parent="." instance=ExtResource("7_yu8em")]
transform = Transform3D(1, 0, 0, 0, 1, 0, 0, 0, 1, -5.26837, 1.2, 59.7173)

[node name="Chair2" parent="." instance=ExtResource("6_0h03q")]
transform = Transform3D(1, 0, 0, 0, 1, 0, 0, 0, 1, -5.16227, 1.2, 58.5081)

[node name="Chair3" parent="." instance=ExtResource("6_0h03q")]
transform = Transform3D(0.114926, 0.561548, 0.819424, 0.967195, 0.124874, -0.221227, -0.226554, 0.817967, -0.528775, -5.94988, 1.9183, 60.4216)

[node name="Chair4" parent="." instance=ExtResource("6_0h03q")]
transform = Transform3D(1, 0, 0, 0, 1, 0, 0, 0, 1, -10.3699, 1.2, 56.0993)

[node name="Table3" parent="." instance=ExtResource("7_yu8em")]
transform = Transform3D(1, 0, 0, 0, 1, 0, 0, 0, 1, -8.60127, 1.2, 55.4988)

[node name="Chair5" parent="." instance=ExtResource("6_0h03q")]
transform = Transform3D(0.473858, 0, 0.880601, 0, 1, 0, -0.880601, 0, 0.473858, -11.1733, 1.2, 57.8748)

[node name="Table4" parent="." instance=ExtResource("7_yu8em")]
transform = Transform3D(1, 0, 0, 0, 1, 0, 0, 0, 1, -12.1995, 1.2, 60.7708)

[node name="Table5" parent="." instance=ExtResource("7_yu8em")]
transform = Transform3D(1, 0, 0, 0, 1, 0, 0, 0, 1, -15.6405, 1.2, 56.6285)

[node name="Chair6" parent="." instance=ExtResource("6_0h03q")]
transform = Transform3D(-0.448461, 0, 0.893802, 0, 1, 0, -0.893802, 0, -0.448461, -14.1206, 1.2, 61.5773)

[node name="Table6" parent="." instance=ExtResource("7_yu8em")]
transform = Transform3D(0.536799, -0.685172, 0.492328, 0.795582, 0.216797, -0.565729, 0.280887, 0.69537, 0.661486, -11.6541, 1.59076, 55.2339)

[node name="Large Dead Decorated Tree2" parent="." instance=ExtResource("8_jjfuh")]
transform = Transform3D(-0.475993, 0, 0.879449, 0, 1, 0, -0.879449, 0, -0.475993, -8.00675, 0, 49.0039)

[node name="Yellow Pumpkin" parent="." instance=ExtResource("9_adsgg")]
transform = Transform3D(1, 0, 0, 0, 1, 0, 0, 0, 1, -8.63122, 2.92721, 55.4182)

[node name="Yellow Pumpkin2" parent="." instance=ExtResource("9_adsgg")]
transform = Transform3D(1, 0, 0, 0, 1, 0, 0, 0, 1, -6.73601, 3.00338, 58.1044)

[node name="Yellow Pumpkin3" parent="." instance=ExtResource("9_adsgg")]
transform = Transform3D(1, 0, 0, 0, 1, 0, 0, 0, 1, -12.0226, 3.00338, 60.77)

[node name="Plaque Candles" parent="." instance=ExtResource("10_fdw34")]
transform = Transform3D(0.80002, 0, -0.599973, 0, 1, 0, 0.599973, 0, 0.80002, -9.51838, 1.20001, 59.2807)

[node name="Small Dead Tree3" parent="." instance=ExtResource("11_ovtrj")]
transform = Transform3D(0.994491, 0.104257, 0.0108824, -0.104824, 0.989117, 0.103245, 0, -0.103817, 0.994596, -9.16848, 1.33619, 62.7138)

[node name="Large Yellow Pine" parent="." instance=ExtResource("12_piyvj")]
transform = Transform3D(1, 0, 0, 0, 1, 0, 0, 0, 1, 11.9136, 1.42415, 55.5013)

[node name="Large Yellow Pine2" parent="." instance=ExtResource("12_piyvj")]
transform = Transform3D(1, 0, 0, 0, 1, 0, 0, 0, 1, 10.0808, 0.906448, 58.688)

[node name="Medium Orange Pine8" parent="." instance=ExtResource("3_eihdy")]
transform = Transform3D(0.992088, -0.125541, 0, 0.125541, 0.992088, 0, 0, 0, 1, 9.62213, 0.260783, 55.8691)

[node name="Medium Yellow Pine" parent="." instance=ExtResource("13_fe6dq")]
transform = Transform3D(1, 0, 0, 0, 1, 0, 0, 0, 1, 12.7846, 0.45359, 52.2027)

[node name="Medium Orange Pine9" parent="." instance=ExtResource("3_eihdy")]
transform = Transform3D(1, 0, 0, 0, 1, 0, 0, 0, 1, 7.94664, 0.645215, 60.9254)

[node name="Large Yellow Pine3" parent="." instance=ExtResource("12_piyvj")]
transform = Transform3D(1, 0, 0, 0, 1, 0, 0, 0, 1, 11.3408, 0.949288, 62.0135)

[node name="FireEffect" parent="." instance=ExtResource("14_fgmwo")]
transform = Transform3D(1, 0, 0, 0, 1, 0, 0, 0, 1, 16.7332, 1.02911, 50)

[node name="FireEffect2" parent="." instance=ExtResource("14_fgmwo")]
transform = Transform3D(1, 0, 0, 0, 1, 0, 0, 0, 1, 18.7283, 0.532287, 47.2231)

[node name="Post Skull" parent="." instance=ExtResource("15_tnrvw")]
transform = Transform3D(-0.68167, -0.295039, -0.669535, -0.374321, 0.926896, -0.0273436, 0.628657, 0.231982, -0.742276, 35.4184, 4.54789, 48.1902)

[node name="cybertruck" parent="." instance=ExtResource("16_2tpaf")]
transform = Transform3D(-0.0726998, -0.17078, -0.982623, -0.00982036, 0.985305, -0.17052, 0.997306, -0.00274704, -0.0733086, 19.3555, 0.551991, 48.7619)

[node name="Workbench" parent="." instance=ExtResource("17_hq27x")]
transform = Transform3D(1, 0, 0, 0, 1, 0, 0, 0, 1, -23.2097, 5.2544, 26.4323)

[node name="Grave B3" parent="." instance=ExtResource("18_b5o31")]
transform = Transform3D(-0.999917, 0, 0.0128801, 0, 1, 0, -0.0128801, 0, -0.999917, -10.3242, 5.00001, 37.0648)

[node name="Grave Dirt" parent="." instance=ExtResource("19_inf8o")]
transform = Transform3D(1, 0, 0, 0, 1, 0, 0, 0, 1, -9.67787, 5.26998, 33.3128)

[node name="Coffin" parent="." instance=ExtResource("20_tsk3b")]
transform = Transform3D(1, 0, 0, 0, 1, 0, 0, 0, 1, -9.66125, 4.76539, 33.2343)

[node name="Arch" parent="." instance=ExtResource("21_bw6nc")]
transform = Transform3D(0.969577, 0.0387017, -0.241707, -0.0375525, 0.999251, 0.00936149, 0.241888, 0, 0.970304, -24.3449, 4.63252, 17.0727)

[node name="Grave A" parent="." instance=ExtResource("22_rndt7")]
transform = Transform3D(-0.607431, 0, -0.794372, 0, 1, 0, 0.794372, 0, -0.607431, -14.274, 5.00001, 23.2945)

[node name="Grave B" parent="." instance=ExtResource("18_b5o31")]
transform = Transform3D(-0.040498, 0, 0.99918, 0, 1, 0, -0.99918, 0, -0.040498, -15.5242, 5.00001, 20.9724)

[node name="Large Dead Decorated Tree" parent="." instance=ExtResource("8_jjfuh")]
transform = Transform3D(-0.660356, 0, -0.750953, 0, 1, 0, 0.750953, 0, -0.660356, -15.1467, 5.02226, 26.0293)

[node name="Large Orange Pine" parent="." instance=ExtResource("2_rmeug")]
transform = Transform3D(1, 0, 0, 0, 1, 0, 0, 0, 1, -31.973, 5.14084, 18.3348)

[node name="Grave A2" parent="." instance=ExtResource("22_rndt7")]
transform = Transform3D(0.808658, 0, -0.588279, 0, 1, 0, 0.588279, 0, 0.808658, -38.1776, 5.00001, 31.4605)

[node name="Grave B2" parent="." instance=ExtResource("18_b5o31")]
transform = Transform3D(0.384094, -0.173717, -0.906804, 0.0677537, 0.984796, -0.159959, 0.920804, 0, 0.390024, -35.4658, 4.9955, 37.3226)

[node name="Large Dead Tree" parent="." instance=ExtResource("1_hcvdy")]
transform = Transform3D(0.943211, 0, -0.332194, 0, 1, 0, 0.332194, 0, 0.943211, -38.0787, 5.00001, 34.771)

[node name="Path A" parent="." instance=ExtResource("23_c5g2o")]
transform = Transform3D(0.911884, 0, 0.410448, 0, 1, 0, -0.410448, 0, 0.911884, -16.6314, 5.08468, 23.4221)

[node name="Path D" parent="." instance=ExtResource("4_03mp2")]
transform = Transform3D(0.992343, 0.123515, -3.27978e-10, -0.123506, 0.992271, -0.0119901, -0.00148096, 0.0118983, 0.999928, -24.4324, 5.44895, 22.7487)

[node name="Post Lantern" parent="." instance=ExtResource("24_nlgcg")]
transform = Transform3D(-0.950489, 0, 0.310759, 0, 1, 0, -0.310759, 0, -0.950489, -25.2991, 5.94293, 38.8422)

[node name="crypt" parent="." instance=ExtResource("25_1stxp")]
transform = Transform3D(-0.766044, -0.0727656, -0.638656, 0, 0.993572, -0.113203, 0.642788, -0.0867187, -0.76112, 57.912, 10.9094, 57.3643)

[node name="ribcage" parent="." instance=ExtResource("26_jwjy1")]
transform = Transform3D(1.6375, 0.379584, 1.08375, -0.843169, 1.67884, 0.685987, -0.779519, -1.01854, 1.53458, 57.81, 10.5352, 51.7402)

[node name="Fence Gate" parent="." instance=ExtResource("27_xsm87")]
transform = Transform3D(0.608886, 0, -0.793258, 0.127866, 0.986923, 0.0981466, 0.782885, -0.16119, 0.600924, 25.6828, 1.28763, 48.0538)

[node name="Fence Gate2" parent="." instance=ExtResource("27_xsm87")]
transform = Transform3D(0.874696, 0, -0.484672, 0, 1, 0, 0.484672, 0, 0.874696, 28.4625, 1.89123, 50.5304)

[node name="Fence Gate3" parent="." instance=ExtResource("27_xsm87")]
transform = Transform3D(0.745966, -0.611926, -0.262832, 0.618756, 0.782779, -0.0663214, 0.246323, -0.113156, 0.962559, 32.1526, 3.18673, 52.0391)

[node name="Fence Gate4" parent="." instance=ExtResource("27_xsm87")]
transform = Transform3D(0.22483, -0.472176, -0.85235, 0.71692, 0.672577, -0.183481, 0.659907, -0.569815, 0.489728, 35.0776, 2.18804, 42.7916)

[node name="Fence Gate5" parent="." instance=ExtResource("27_xsm87")]
transform = Transform3D(0.73976, 0, -0.672871, 0.272211, 0.914515, 0.299271, 0.61535, -0.404551, 0.676522, 33.2048, 0.258358, 40.1567)

[node name="Fence Gate6" parent="." instance=ExtResource("27_xsm87")]
transform = Transform3D(0.963714, 0, -0.266936, 0, 1, 0, 0.266936, 0, 0.963714, 29.776, 0.00616163, 38.0768)

[node name="Fence Gate7" parent="." instance=ExtResource("27_xsm87")]
transform = Transform3D(0.934875, 0, 0.354976, 0, 1, 0, -0.354976, 0, 0.934875, 25.8027, 6.87298e-06, 38.5811)

[node name="Fence Gate8" parent="." instance=ExtResource("27_xsm87")]
transform = Transform3D(0.457284, 0, 0.889321, 0, 1, 0, -0.889321, 0, 0.457284, 23.2364, 0.0192657, 41.3361)

[node name="Fence Gate9" parent="." instance=ExtResource("27_xsm87")]
transform = Transform3D(-0.633313, 0, 0.773895, -0.187209, 0.9703, -0.153202, -0.750911, -0.241905, -0.614504, 22.8202, 0.889969, 44.7827)

[node name="Batteries" parent="." instance=ExtResource("28_owxa2")]
transform = Transform3D(0.298408, 0, -0.954438, 0, 1, 0, 0.954438, 0, 0.298408, -15.5333, 12.1055, -14.7717)

[node name="Water" parent="." instance=ExtResource("29_eu6mn")]
transform = Transform3D(1, 0, 0, 0, -4.37114e-08, 1, 0, -1, -4.37114e-08, 45.827, -0.774288, -33.9213)
skeleton = NodePath("../..")

[node name="Large Dead Decorated Tree3" parent="." instance=ExtResource("8_jjfuh")]
transform = Transform3D(-0.646497, 0, 0.762917, 0, 1, 0, -0.762917, 0, -0.646497, -31.2266, 19.8951, -56.969)

[node name="IronOre" parent="." instance=ExtResource("30_ort5x")]
transform = Transform3D(0.835491, 0.549504, 0, -0.549504, 0.835491, 0, 0, 0, 1, -56.432, -7.70642, 48.4119)

[node name="IronOre2" parent="." instance=ExtResource("30_ort5x")]
transform = Transform3D(0.964888, 0.262661, 0, -0.262661, 0.964888, 0, 0, 0, 1, -52.5199, -8.51435, 59.311)

[node name="IronOre3" parent="." instance=ExtResource("30_ort5x")]
transform = Transform3D(0.970443, 0.241329, 0, -0.241329, 0.970443, 0, 0, 0, 1, -55.0265, -9.77509, 34.2294)

[node name="IronOre4" parent="." instance=ExtResource("30_ort5x")]
transform = Transform3D(1, 0, 0, 0, 0.972141, -0.234396, 0, 0.234396, 0.972141, -44.8199, -8.04583, 48.4738)

[node name="Wardrobe" parent="." instance=ExtResource("31_lo2tl")]
transform = Transform3D(0.947635, 0, -0.319356, 0, 1, 0, 0.319356, 0, 0.947635, -60.313, -0.0782619, 19.8086)

[node name="Batteries2" parent="." instance=ExtResource("28_owxa2")]
transform = Transform3D(1, 0, 0, 0, 1, 0, 0, 0, 1, -60.4745, 0.664569, 19.7855)

[node name="Batteries3" parent="." instance=ExtResource("28_owxa2")]
transform = Transform3D(1, 0, 0, 0, 1, 0, 0, 0, 1, -60.3394, 0.470282, 20.3848)

[node name="Flashlight" parent="." instance=ExtResource("32_0eds0")]
transform = Transform3D(1, 0, 0, 0, 1, 0, 0, 0, 1, -60.0367, 0.684844, 19.9211)

[node name="Batteries4" parent="." instance=ExtResource("28_owxa2")]
transform = Transform3D(1, 0, 0, 0, 1, 0, 0, 0, 1, -15.9971, 12.1053, -14.6348)

[node name="Steak" parent="." instance=ExtResource("33_txwiq")]
transform = Transform3D(1, 0, 0, 0, 1, 0, 0, 0, 1, -15.8361, 12.8403, -14.6797)

[node name="IronOre5" parent="." instance=ExtResource("30_ort5x")]
transform = Transform3D(1, 0, 0, 0, 0.933955, 0.35739, 0, -0.35739, 0.933955, -16.5307, 1.02976, 60.8439)

[node name="chest" parent="." instance=ExtResource("34_lm0jk")]
transform = Transform3D(-0.321196, -0.0847338, 0.943214, 0.112708, 0.98549, 0.126913, -0.940282, 0.147072, -0.306985, 51.5457, 11.2059, 58.3923)

[node name="Small Dead Tree" parent="." instance=ExtResource("11_ovtrj")]
transform = Transform3D(0.810267, 0, 0.586061, 0, 1, 0, -0.586061, 0, 0.810267, 46.6557, 10.3386, 57.5342)

[node name="Drawer" parent="." instance=ExtResource("35_ntktv")]
transform = Transform3D(1, 0, 0, 0, 1, 0, 0, 0, 1, -15.7697, 12, -14.7389)

[node name="Wardrobe2" parent="." instance=ExtResource("31_lo2tl")]
transform = Transform3D(0.74433, 0.1911, -0.639886, -0.144912, 0.981571, 0.124578, 0.6519, 0, 0.758305, 38.8691, 0.945321, -43.3104)

[node name="Batteries5" parent="." instance=ExtResource("28_owxa2")]
transform = Transform3D(1, 0, 0, 0, 1, 0, 0, 0, 1, 38.7507, 2.07643, -43.4306)

[node name="Batteries6" parent="." instance=ExtResource("28_owxa2")]
transform = Transform3D(1, 0, 0, 0, 1, 0, 0, 0, 1, 38.1116, 2.07643, -44.1432)

[node name="Steak2" parent="." instance=ExtResource("33_txwiq")]
transform = Transform3D(0.759526, -0.499881, 0.416219, 0.349924, 0.853387, 0.386373, -0.548336, -0.147815, 0.82309, 38.4196, 2.38486, -43.5115)

[node name="Steak3" parent="." instance=ExtResource("33_txwiq")]
transform = Transform3D(0.830071, 0, -0.557658, 0, 1, 0, 0.557658, 0, 0.830071, 2.29171, 1.74896, 61.3842)

[node name="DinnerTable" parent="." instance=ExtResource("36_vmtc7")]
transform = Transform3D(2, 0, 0, 0, 2, 0, 0, 0, 2, 1.71197, 0.107074, 61.533)

[node name="Batteries7" parent="." instance=ExtResource("28_owxa2")]
transform = Transform3D(0.435539, -0.0654414, -0.897788, 0.0975982, 0.994907, -0.0251733, 0.894863, -0.0766586, 0.439708, 1.55464, 1.86573, 61.2688)
