[gd_scene load_steps=4 format=3 uid="uid://bg2ah1m0ryp2v"]

[ext_resource type="PackedScene" uid="uid://dinhmkbikrbs7" path="res://assets/elon/elon_musk_throw.glb" id="1_bqbl2"]
[ext_resource type="AnimationLibrary" uid="uid://co5681wybi5dl" path="res://assets/elon/animations/elon_animations.res" id="2_ky3at"]
[ext_resource type="AnimationNodeBlendTree" uid="uid://dcxm6ou4qp23h" path="res://assets/elon/animations/elon_animation_tree.tres" id="3_xuoxp"]

[node name="Elon Model" instance=ExtResource("1_bqbl2")]

[node name="Sketchfab_model" parent="." index="0"]
transform = Transform3D(0.01, 0, 0, 0, -4.37114e-10, 0.01, 0, -0.01, -4.37114e-10, 0, 0.94, 0)

[node name="Skeleton3D" parent="Sketchfab_model/dfcbea39e7554060b41c433e3ce7ab98_fbx/Object_2/RootNode/Object_4" index="0"]
unique_name_in_owner = true
bones/1/position = Vector3(0.00975285, 0.944537, -0.0164185)
bones/1/rotation = Quaternion(-0.68324, -0.249875, -0.271064, 0.630294)
bones/2/rotation = Quaternion(0.710609, 0.0322182, 0.0232668, 0.702464)
bones/3/rotation = Quaternion(0.100112, 0.0814734, -0.011596, 0.991567)
bones/4/rotation = Quaternion(0.100112, 0.0814733, -0.011596, 0.991567)
bones/5/rotation = Quaternion(-0.700796, -0.00815796, -0.00750044, 0.713275)
bones/6/rotation = Quaternion(-0.0538762, 0.0131439, 0.175625, 0.982894)
bones/8/rotation = Quaternion(-0.577144, -0.420243, 0.577044, -0.396637)
bones/9/rotation = Quaternion(0.436746, -0.111899, 0.0159724, 0.892455)
bones/10/rotation = Quaternion(0.0279432, 0.0583606, 0.406516, 0.91135)
bones/12/rotation = Quaternion(0.62849, -0.377339, 0.539582, 0.414086)
bones/13/rotation = Quaternion(0.386494, 0.115039, 0.212343, 0.890112)
bones/14/rotation = Quaternion(0.0808696, 0.0288498, -0.353838, 0.931357)
bones/16/rotation = Quaternion(0.0186056, 0.544794, -0.827841, 0.132412)
bones/17/rotation = Quaternion(-0.299571, 0.120186, -0.0444183, 0.945431)
bones/18/rotation = Quaternion(0.56787, -0.0410591, -0.0532264, 0.820368)
bones/19/rotation = Quaternion(0.287123, -0.0554591, -0.00759903, 0.956257)
bones/21/rotation = Quaternion(0.00552581, 0.687875, -0.704489, -0.174619)
bones/22/rotation = Quaternion(-0.296663, 0.0689636, -0.0245825, 0.952172)
bones/23/rotation = Quaternion(0.668043, 0.0894788, 0.128294, 0.727498)
bones/24/rotation = Quaternion(0.28671, 0.073079, -0.0206083, 0.955004)

[node name="BoneAttachment3D" type="BoneAttachment3D" parent="Sketchfab_model/dfcbea39e7554060b41c433e3ce7ab98_fbx/Object_2/RootNode/Object_4/Skeleton3D" index="11"]
transform = Transform3D(-0.447674, -0.392966, 0.803222, 0.202469, -0.919478, -0.336997, 0.870973, 0.0117626, 0.49119, -32.1999, 2.36905, -18.1157)
bone_name = "mixamorig_RightHand_00"
bone_idx = 15

[node name="Flashlight" type="Node3D" parent="Sketchfab_model/dfcbea39e7554060b41c433e3ce7ab98_fbx/Object_2/RootNode/Object_4/Skeleton3D/BoneAttachment3D" index="0"]
transform = Transform3D(-0.936557, -0.104764, 0.334486, -0.0445719, 0.982135, 0.182815, -0.347662, 0.156309, -0.924499, 2.93034, 7.53249, 0.781731)

[node name="Chainsaw" type="Node3D" parent="Sketchfab_model/dfcbea39e7554060b41c433e3ce7ab98_fbx/Object_2/RootNode/Object_4/Skeleton3D/BoneAttachment3D" index="1"]
transform = Transform3D(0.596544, 0.78261, -0.177924, 0.679741, -0.3748, 0.630458, 0.426716, -0.497038, -0.755557, -21.5935, -6.78769, 61.8683)

[node name="TvRemote" type="Node3D" parent="Sketchfab_model/dfcbea39e7554060b41c433e3ce7ab98_fbx/Object_2/RootNode/Object_4/Skeleton3D/BoneAttachment3D" index="2"]
transform = Transform3D(0.42285, 0.553855, -0.717246, -0.686368, -0.321045, -0.652556, -0.59169, 0.768228, 0.244395, 2.71405, 9.81512, 1.29029)

[node name="WoodBlock" type="Node3D" parent="Sketchfab_model/dfcbea39e7554060b41c433e3ce7ab98_fbx/Object_2/RootNode/Object_4/Skeleton3D/BoneAttachment3D" index="3"]
transform = Transform3D(0.921754, 0.332497, 0.19954, -0.278031, 0.207965, 0.93779, 0.270317, -0.919891, 0.284136, 3.05161, 31.5624, 11.4225)

[node name="Pickaxe" type="Node3D" parent="Sketchfab_model/dfcbea39e7554060b41c433e3ce7ab98_fbx/Object_2/RootNode/Object_4/Skeleton3D/BoneAttachment3D" index="4"]
transform = Transform3D(-97.3951, 14.9304, -17.0666, -14.9756, 14.1636, 97.8525, 17.0271, 97.8593, -11.5588, 7.19592, 11.2615, -3.16942)

[node name="GoldIngot" type="Node3D" parent="Sketchfab_model/dfcbea39e7554060b41c433e3ce7ab98_fbx/Object_2/RootNode/Object_4/Skeleton3D/BoneAttachment3D" index="5"]
transform = Transform3D(-0.0717295, -0.3009, -0.950955, -0.928306, -0.328596, 0.173996, -0.364836, 0.895256, -0.255757, 2.17706, 16.1621, 1.42157)

[node name="Bucket" type="Node3D" parent="Sketchfab_model/dfcbea39e7554060b41c433e3ce7ab98_fbx/Object_2/RootNode/Object_4/Skeleton3D/BoneAttachment3D" index="6"]
transform = Transform3D(0.263657, 0.25081, 0.931439, -0.246563, -0.916006, 0.316448, 0.932572, -0.313092, -0.179671, -9.52179, 51.1122, 15.2509)

[node name="GoldChain" type="Node3D" parent="Sketchfab_model/dfcbea39e7554060b41c433e3ce7ab98_fbx/Object_2/RootNode/Object_4/Skeleton3D/BoneAttachment3D" index="7"]
transform = Transform3D(0.902221, 0.143473, -0.406712, 0.320196, -0.854595, 0.408831, -0.288917, -0.499082, -0.816971, -2.84111, 4.01196, 5.21321)

[node name="IronIngot" type="Node3D" parent="Sketchfab_model/dfcbea39e7554060b41c433e3ce7ab98_fbx/Object_2/RootNode/Object_4/Skeleton3D/BoneAttachment3D" index="8"]
transform = Transform3D(0.98227, 0.184401, -0.0338166, -0.184972, 0.923869, -0.33504, -0.0305395, 0.335355, 0.941596, -1.67653, 22.2458, 5.29499)

[node name="SawMovie" type="Node3D" parent="Sketchfab_model/dfcbea39e7554060b41c433e3ce7ab98_fbx/Object_2/RootNode/Object_4/Skeleton3D/BoneAttachment3D" index="9"]
transform = Transform3D(0.960492, -0.242892, -0.135861, 0.224104, 0.385545, 0.89506, -0.165023, -0.890145, 0.424746, -5.57117, 21.1966, 8.90442)

[node name="AnimationPlayer" parent="." index="1"]
libraries = {
&"elon_animations": ExtResource("2_ky3at")
}
autoplay = "elon_animations/idle"

[node name="AnimationTree" type="AnimationTree" parent="." index="2"]
tree_root = ExtResource("3_xuoxp")
anim_player = NodePath("../AnimationPlayer")
parameters/TimeScale/scale = 0.5
parameters/chainsaw_run/blend_amount = 0.0
parameters/crouch_idle/blend_amount = 0.0
parameters/crouch_walk/blend_amount = false
parameters/crouch_walk_back/blend_amount = 0.0
parameters/jump/active = 0.0
parameters/jump/internal_active = -0.00694444
parameters/jump/request = 0
parameters/jump_speed/scale = 1.15
parameters/mine/active = 0.0
parameters/mine/internal_active = -0.00714286
parameters/mine/request = 0
parameters/mine_speed/scale = 2.0
parameters/run/blend_amount = 0.0
parameters/walk/blend_amount = 0.0
parameters/walk_back/blend_amount = 0
