[gd_scene load_steps=4 format=3 uid="uid://bg2ah1m0ryp2v"]

[ext_resource type="PackedScene" uid="uid://dinhmkbikrbs7" path="res://assets/elon/elon_musk_throw.glb" id="1_bqbl2"]
[ext_resource type="AnimationLibrary" uid="uid://co5681wybi5dl" path="res://assets/elon/animations/elon_animations.res" id="2_ky3at"]
[ext_resource type="AnimationNodeBlendTree" uid="uid://dcxm6ou4qp23h" path="res://assets/elon/animations/elon_animation_tree.tres" id="3_xuoxp"]

[node name="Elon Model" instance=ExtResource("1_bqbl2")]

[node name="Sketchfab_model" parent="." index="0"]
transform = Transform3D(0.01, 0, 0, 0, -4.37114e-10, 0.01, 0, -0.01, -4.37114e-10, 0, 0.94, 0)

[node name="Skeleton3D" parent="Sketchfab_model/dfcbea39e7554060b41c433e3ce7ab98_fbx/Object_2/RootNode/Object_4" index="0"]
bones/1/position = Vector3(0.00984264, 0.945613, -0.0129166)
bones/1/rotation = Quaternion(-0.683562, -0.250638, -0.271388, 0.629501)
bones/2/rotation = Quaternion(0.709953, 0.032231, 0.0237951, 0.703108)
bones/3/rotation = Quaternion(0.0982175, 0.0820114, -0.01067, 0.991723)
bones/4/rotation = Quaternion(0.0982175, 0.0820114, -0.01067, 0.991723)
bones/5/rotation = Quaternion(-0.692097, -0.00943166, -0.00622649, 0.721716)
bones/6/rotation = Quaternion(-0.0376883, 0.00924246, 0.178434, 0.983186)
bones/8/rotation = Quaternion(-0.564841, -0.434639, 0.575189, -0.401498)
bones/9/rotation = Quaternion(0.447029, -0.108066, 0.0152832, 0.887836)
bones/10/rotation = Quaternion(0.029905, 0.0618753, 0.4105, 0.909267)
bones/12/rotation = Quaternion(0.620985, -0.386462, 0.539346, 0.417289)
bones/13/rotation = Quaternion(0.388062, 0.111654, 0.215815, 0.889025)
bones/14/rotation = Quaternion(0.0895897, 0.0185226, -0.356708, 0.929726)
bones/16/rotation = Quaternion(0.0172528, 0.548038, -0.825911, 0.131255)
bones/17/rotation = Quaternion(-0.299096, 0.119101, -0.0437598, 0.945749)
bones/18/rotation = Quaternion(0.568923, -0.0404042, -0.0523647, 0.819727)
bones/19/rotation = Quaternion(0.28691, -0.0555169, -0.00711782, 0.956321)
bones/21/rotation = Quaternion(0.00455779, 0.691772, -0.700277, -0.176189)
bones/22/rotation = Quaternion(-0.289427, 0.0678913, -0.0244315, 0.954477)
bones/23/rotation = Quaternion(0.665489, 0.0901535, 0.129227, 0.729587)
bones/24/rotation = Quaternion(0.286442, 0.0728379, -0.0204881, 0.955105)

[node name="BoneAttachment3D" type="BoneAttachment3D" parent="Sketchfab_model/dfcbea39e7554060b41c433e3ce7ab98_fbx/Object_2/RootNode/Object_4/Skeleton3D" index="11"]
transform = Transform3D(-0.437661, -0.390727, 0.809806, 0.206527, -0.920249, -0.332397, 0.8751, 0.0217689, 0.483453, -32.3962, 2.76939, -18.2787)
bone_name = "mixamorig_RightHand_00"
bone_idx = 15

[node name="Flashlight" type="Node3D" parent="Sketchfab_model/dfcbea39e7554060b41c433e3ce7ab98_fbx/Object_2/RootNode/Object_4/Skeleton3D/BoneAttachment3D" index="0"]
transform = Transform3D(-0.936557, -0.104764, 0.334486, -0.0445719, 0.982135, 0.182815, -0.347662, 0.156309, -0.924499, 2.93034, 7.53249, 0.781731)

[node name="Chainsaw" type="Node3D" parent="Sketchfab_model/dfcbea39e7554060b41c433e3ce7ab98_fbx/Object_2/RootNode/Object_4/Skeleton3D/BoneAttachment3D" index="1"]
transform = Transform3D(0.596544, 0.78261, -0.177924, 0.679741, -0.3748, 0.630458, 0.426716, -0.497038, -0.755557, -21.5935, -6.78769, 61.8683)

[node name="TvRemote" type="Node3D" parent="Sketchfab_model/dfcbea39e7554060b41c433e3ce7ab98_fbx/Object_2/RootNode/Object_4/Skeleton3D/BoneAttachment3D" index="2"]
transform = Transform3D(0.42285, 0.553855, -0.717246, -0.686368, -0.321045, -0.652556, -0.59169, 0.768228, 0.244395, 2.71405, 9.81512, 1.29029)

[node name="WoodBlock" type="Node3D" parent="Sketchfab_model/dfcbea39e7554060b41c433e3ce7ab98_fbx/Object_2/RootNode/Object_4/Skeleton3D/BoneAttachment3D" index="3"]
transform = Transform3D(0.921754, 0.332497, 0.19954, -0.278031, 0.207965, 0.93779, 0.270317, -0.919891, 0.284136, 3.05161, 31.5624, 11.4225)

[node name="AnimationPlayer" parent="." index="1"]
libraries = {
&"elon_animations": ExtResource("2_ky3at")
}
autoplay = "elon_animations/idle"

[node name="AnimationTree" type="AnimationTree" parent="." index="2"]
tree_root = ExtResource("3_xuoxp")
anim_player = NodePath("../AnimationPlayer")
parameters/TimeScale/scale = 0.5
parameters/chainsaw_run/blend_amount = 0.0
parameters/crouch_idle/blend_amount = 0.0
parameters/crouch_walk/blend_amount = false
parameters/crouch_walk_back/blend_amount = 0.0
parameters/jump/active = 0.0
parameters/jump/internal_active = -0.00694444
parameters/jump/request = 0
parameters/jump_speed/scale = 1.25
parameters/mine/active = 0.0
parameters/mine/internal_active = -0.00714286
parameters/mine/request = 0
parameters/mining_speed/scale = 2.0
parameters/run/blend_amount = 0.0
parameters/walk/blend_amount = 0.0
parameters/walk_back/blend_amount = 0
