[gd_scene load_steps=5 format=3 uid="uid://bg2ah1m0ryp2v"]

[ext_resource type="PackedScene" uid="uid://dinhmkbikrbs7" path="res://assets/elon/elon_musk_throw.glb" id="1_bqbl2"]
[ext_resource type="AnimationLibrary" uid="uid://co5681wybi5dl" path="res://assets/elon/animations/elon_animations.res" id="2_ky3at"]
[ext_resource type="AnimationNodeBlendTree" uid="uid://dcxm6ou4qp23h" path="res://assets/elon/animations/elon_animation_tree.tres" id="3_xuoxp"]

[sub_resource type="SphereShape3D" id="SphereShape3D_xuoxp"]
radius = 130.0

[node name="Elon Model" instance=ExtResource("1_bqbl2")]

[node name="Sketchfab_model" parent="." index="0"]
transform = Transform3D(0.01, 0, 0, 0, -4.37114e-10, 0.01, 0, -0.01, -4.37114e-10, 0, 0.94, 0)

[node name="Skeleton3D" parent="Sketchfab_model/dfcbea39e7554060b41c433e3ce7ab98_fbx/Object_2/RootNode/Object_4" index="0"]
bones/1/position = Vector3(0.00842679, 0.948238, -0.00805664)
bones/1/rotation = Quaternion(-0.685704, -0.249423, -0.270859, 0.62788)
bones/2/rotation = Quaternion(0.708147, 0.0318915, 0.0240126, 0.704936)
bones/3/rotation = Quaternion(0.0921552, 0.0815136, -0.00949573, 0.992357)
bones/4/rotation = Quaternion(0.0921552, 0.0815136, -0.00949572, 0.992357)
bones/5/rotation = Quaternion(-0.684426, -0.00820352, -0.00745457, 0.728998)
bones/6/rotation = Quaternion(-0.0586316, 0.00451698, 0.17685, 0.98248)
bones/8/rotation = Quaternion(-0.551702, -0.449866, 0.571913, -0.407629)
bones/9/rotation = Quaternion(0.457062, -0.101712, 0.0127108, 0.883509)
bones/10/rotation = Quaternion(0.0349636, 0.0673336, 0.419378, 0.904636)
bones/12/rotation = Quaternion(0.604099, -0.406216, 0.536658, 0.426675)
bones/13/rotation = Quaternion(0.397245, 0.102706, 0.213867, 0.886515)
bones/14/rotation = Quaternion(0.0988295, 0.00896379, -0.35933, 0.92792)
bones/16/rotation = Quaternion(0.0152715, 0.554571, -0.821635, 0.130896)
bones/17/rotation = Quaternion(-0.293976, 0.120241, -0.0436051, 0.947216)
bones/18/rotation = Quaternion(0.568891, -0.0395106, -0.0509863, 0.81988)
bones/19/rotation = Quaternion(0.287237, -0.0562469, -0.00718314, 0.95618)
bones/21/rotation = Quaternion(0.00401215, 0.700776, -0.690894, -0.177657)
bones/22/rotation = Quaternion(-0.273504, 0.0697715, -0.02325, 0.959055)
bones/23/rotation = Quaternion(0.660307, 0.0907048, 0.130076, 0.734062)
bones/24/rotation = Quaternion(0.286812, 0.0730485, -0.0205793, 0.954976)

[node name="BoneAttachment3D" type="BoneAttachment3D" parent="Sketchfab_model/dfcbea39e7554060b41c433e3ce7ab98_fbx/Object_2/RootNode/Object_4/Skeleton3D" index="11"]
transform = Transform3D(-0.418407, -0.409935, 0.810486, 0.238429, -0.910629, -0.337499, 0.876406, 0.0520313, 0.478754, -33.4639, 3.86021, -18.0693)
bone_name = "mixamorig_RightHand_00"
bone_idx = 15

[node name="Flashlight" type="Node3D" parent="Sketchfab_model/dfcbea39e7554060b41c433e3ce7ab98_fbx/Object_2/RootNode/Object_4/Skeleton3D/BoneAttachment3D" index="0"]
transform = Transform3D(-0.936557, -0.104764, 0.334486, -0.0445719, 0.982135, 0.182815, -0.347662, 0.156309, -0.924499, 2.93034, 7.53249, 0.781731)

[node name="Chainsaw" type="Node3D" parent="Sketchfab_model/dfcbea39e7554060b41c433e3ce7ab98_fbx/Object_2/RootNode/Object_4/Skeleton3D/BoneAttachment3D" index="1"]
transform = Transform3D(0.596544, 0.78261, -0.177924, 0.679741, -0.3748, 0.630458, 0.426716, -0.497038, -0.755557, -21.5935, -6.78769, 61.8683)

[node name="TvRemote" type="Node3D" parent="Sketchfab_model/dfcbea39e7554060b41c433e3ce7ab98_fbx/Object_2/RootNode/Object_4/Skeleton3D/BoneAttachment3D" index="2"]
transform = Transform3D(0.42285, 0.553855, -0.717246, -0.686368, -0.321045, -0.652556, -0.59169, 0.768228, 0.244395, 2.71405, 9.81512, 1.29029)

[node name="WoodBlock" type="Node3D" parent="Sketchfab_model/dfcbea39e7554060b41c433e3ce7ab98_fbx/Object_2/RootNode/Object_4/Skeleton3D/BoneAttachment3D" index="3"]
transform = Transform3D(0.921754, 0.332497, 0.19954, -0.278031, 0.207965, 0.93779, 0.270317, -0.919891, 0.284136, 3.05161, 31.5624, 11.4225)

[node name="MiningHitbox" type="Area3D" parent="Sketchfab_model/dfcbea39e7554060b41c433e3ce7ab98_fbx/Object_2/RootNode/Object_4/Skeleton3D/BoneAttachment3D" index="4"]
transform = Transform3D(1, 0, 0, 0, 1, 0, 0, 0, 1, 0, 140, 0)
collision_layer = 0
collision_mask = 16

[node name="CollisionShape3D" type="CollisionShape3D" parent="Sketchfab_model/dfcbea39e7554060b41c433e3ce7ab98_fbx/Object_2/RootNode/Object_4/Skeleton3D/BoneAttachment3D/MiningHitbox" index="0"]
transform = Transform3D(1, -5.58794e-09, -1.42027e-08, 5.58794e-09, 1, 6.92904e-07, 2.468e-08, -1.33365e-06, 1, 0, 0, 0)
shape = SubResource("SphereShape3D_xuoxp")

[node name="AnimationPlayer" parent="." index="1"]
libraries = {
&"elon_animations": ExtResource("2_ky3at")
}
autoplay = "elon_animations/idle"

[node name="AnimationTree" type="AnimationTree" parent="." index="2"]
tree_root = ExtResource("3_xuoxp")
anim_player = NodePath("../AnimationPlayer")
parameters/TimeScale/scale = 0.5
parameters/chainsaw_run/blend_amount = 0.0
parameters/crouch_idle/blend_amount = 0.0
parameters/crouch_walk/blend_amount = false
parameters/crouch_walk_back/blend_amount = 0.0
parameters/jump/active = 0.0
parameters/jump/internal_active = -0.00694444
parameters/jump/request = 0
parameters/jump_speed/scale = 1.25
parameters/mine/active = 0.0
parameters/mine/internal_active = -0.00714286
parameters/mine/request = 0
parameters/mining_speed/scale = 2.0
parameters/run/blend_amount = 0.0
parameters/walk/blend_amount = 0.0
parameters/walk_back/blend_amount = 0
